20
ALL
0.0 333.0 573.0 972.0 612.0 490.0 556.0 1016.0 893.0 896.0 768.0 637.0 736.0 677.0 671.0 837.0 1106.0 576.0 574.0 767.0
333.0 0.0 906.0 649.0 636.0 756.0 889.0 731.0 1226.0 1229.0 1059.0 348.0 413.0 947.0 1004.0 1128.0 1399.0 785.0 700.0 1100.0
573.0 906.0 0.0 1315.0 593.0 257.0 288.0 1256.0 347.0 323.0 206.0 1130.0 1309.0 422.0 166.0 275.0 533.0 388.0 501.0 221.0
972.0 649.0 1315.0 0.0 735.0 1058.0 1451.0 374.0 1662.0 1567.0 1360.0 362.0 236.0 1144.0 1451.0 1416.0 1687.0 983.0 827.0 1536.0
612.0 636.0 593.0 735.0 0.0 336.0 874.0 709.0 940.0 832.0 625.0 641.0 834.0 409.0 759.0 681.0 952.0 248.0 92.0 814.0
490.0 756.0 257.0 1058.0 336.0 0.0 545.0 999.0 604.0 533.0 313.0 905.0 1098.0 191.0 423.0 382.0 653.0 131.0 244.0 478.0
556.0 889.0 288.0 1451.0 874.0 545.0 0.0 1465.0 343.0 509.0 474.0 1193.0 1292.0 690.0 122.0 543.0 719.0 676.0 782.0 221.0
1016.0 731.0 1256.0 374.0 709.0 999.0 1465.0 0.0 1603.0 1478.0 1271.0 383.0 520.0 1055.0 1422.0 1327.0 1598.0 911.0 755.0 1477.0
893.0 1226.0 347.0 1662.0 940.0 604.0 343.0 1603.0 0.0 293.0 525.0 1450.0 1629.0 714.0 272.0 442.0 449.0 735.0 848.0 126.0
896.0 1229.0 323.0 1567.0 832.0 533.0 509.0 1478.0 293.0 0.0 245.0 1428.0 1621.0 423.0 396.0 151.0 210.0 658.0 775.0 288.0
768.0 1059.0 206.0 1360.0 625.0 313.0 474.0 1271.0 525.0 245.0 0.0 1208.0 1401.0 216.0 352.0 94.0 365.0 444.0 557.0 399.0
637.0 348.0 1130.0 362.0 641.0 905.0 1193.0 383.0 1450.0 1428.0 1208.0 0.0 197.0 1050.0 1228.0 1277.0 1548.0 889.0 733.0 1324.0
736.0 413.0 1309.0 236.0 834.0 1098.0 1292.0 520.0 1629.0 1621.0 1401.0 197.0 0.0 1243.0 1407.0 1470.0 1741.0 1082.0 926.0 1503.0
677.0 947.0 422.0 1144.0 409.0 191.0 690.0 1055.0 714.0 423.0 216.0 1050.0 1243.0 0.0 568.0 272.0 543.0 235.0 352.0 615.0
671.0 1004.0 166.0 1451.0 759.0 423.0 122.0 1422.0 272.0 396.0 352.0 1228.0 1407.0 568.0 0.0 421.0 606.0 554.0 667.0 150.0
837.0 1128.0 275.0 1416.0 681.0 382.0 543.0 1327.0 442.0 151.0 94.0 1277.0 1470.0 272.0 421.0 0.0 271.0 507.0 624.0 437.0
1106.0 1399.0 533.0 1687.0 952.0 653.0 719.0 1598.0 449.0 210.0 365.0 1548.0 1741.0 543.0 606.0 271.0 0.0 778.0 895.0 498.0
576.0 785.0 388.0 983.0 248.0 131.0 676.0 911.0 735.0 658.0 444.0 889.0 1082.0 235.0 554.0 507.0 778.0 0.0 156.0 609.0
574.0 700.0 501.0 827.0 92.0 244.0 782.0 755.0 848.0 775.0 557.0 733.0 926.0 352.0 667.0 624.0 895.0 156.0 0.0 722.0
767.0 1100.0 221.0 1536.0 814.0 478.0 221.0 1477.0 126.0 288.0 399.0 1324.0 1503.0 615.0 150.0 437.0 498.0 609.0 722.0 0.0
0 10661.0 18561.0 10262.0 9541.0 108160.0 33339.0 4999.0 17717.0 25295.0 5062.0 6659.0 10157.0 7059.0 6696.0 51899.0 12167.0 7031.0 15658.0 22203.0
10870.0 0 4871.0 2693.0 2504.0 28382.0 8748.0 1312.0 4649.0 6638.0 1328.0 1747.0 2665.0 1852.0 1757.0 13619.0 3193.0 1845.0 4109.0 5826.0
18831.0 4846.0 0 4665.0 4337.0 49166.0 15155.0 2273.0 8054.0 11498.0 2301.0 3027.0 4617.0 3209.0 3044.0 23592.0 5531.0 3196.0 7118.0 10093.0
10466.0 2693.0 4690.0 0 2411.0 27327.0 8423.0 1263.0 4476.0 6391.0 1279.0 1683.0 2566.0 1783.0 1692.0 13113.0 3074.0 1776.0 3956.0 5610.0
9735.0 2505.0 4362.0 2412.0 0 25419.0 7835.0 1175.0 4164.0 5945.0 1190.0 1565.0 2387.0 1659.0 1574.0 12197.0 2859.0 1652.0 3680.0 5218.0
103818.0 26717.0 46516.0 25718.0 23911.0 0 83552.0 12529.0 44401.0 63392.0 12686.0 16689.0 25456.0 17691.0 16782.0 130066.0 30492.0 17620.0 39241.0 55644.0
33509.0 8623.0 15014.0 8301.0 7718.0 87490.0 0 4044.0 14331.0 20461.0 4094.0 5387.0 8216.0 5710.0 5417.0 41981.0 9842.0 5687.0 12666.0 17960.0
5116.0 1317.0 2292.0 1267.0 1178.0 13358.0 4117.0 0 2188.0 3124.0 625.0 822.0 1254.0 872.0 827.0 6410.0 1503.0 868.0 1934.0 2742.0
17984.0 4628.0 8058.0 4455.0 4142.0 46956.0 14474.0 2170.0 0 10981.0 2197.0 2891.0 4410.0 3065.0 2907.0 22531.0 5282.0 3052.0 6798.0 9639.0
25553.0 6576.0 11449.0 6330.0 5885.0 66718.0 20565.0 3084.0 10929.0 0 3122.0 4108.0 6266.0 4354.0 4131.0 32014.0 7505.0 4337.0 9659.0 13696.0
5180.0 1333.0 2321.0 1283.0 1193.0 13524.0 4169.0 625.0 2215.0 3163.0 0 833.0 1270.0 883.0 837.0 6489.0 1521.0 879.0 1958.0 2776.0
6808.0 1752.0 3050.0 1686.0 1568.0 17775.0 5479.0 822.0 2912.0 4157.0 832.0 0 1669.0 1160.0 1100.0 8529.0 1999.0 1155.0 2573.0 3649.0
10360.0 2666.0 4642.0 2566.0 2386.0 27051.0 8338.0 1250.0 4431.0 6326.0 1266.0 1665.0 0 1765.0 1675.0 12980.0 3043.0 1758.0 3916.0 5553.0
7214.0 1857.0 3232.0 1787.0 1662.0 18837.0 5806.0 871.0 3085.0 4405.0 882.0 1160.0 1769.0 0 1166.0 9038.0 2119.0 1224.0 2727.0 3867.0
6845.0 1762.0 3067.0 1696.0 1577.0 17873.0 5509.0 826.0 2928.0 4180.0 836.0 1100.0 1678.0 1166.0 0 8576.0 2010.0 1162.0 2587.0 3669.0
51561.0 13269.0 23102.0 12773.0 11875.0 134622.0 41496.0 6222.0 22051.0 31483.0 6300.0 8289.0 12642.0 8786.0 8335.0 0 15144.0 8751.0 19489.0 27635.0
12394.0 3190.0 5553.0 3070.0 2855.0 32361.0 9975.0 1496.0 5301.0 7568.0 1514.0 1992.0 3039.0 2112.0 2003.0 15528.0 0 2104.0 4685.0 6643.0
7186.0 1849.0 3220.0 1780.0 1655.0 18762.0 5783.0 867.0 3073.0 4388.0 878.0 1155.0 1762.0 1224.0 1162.0 9003.0 2111.0 0 2716.0 3851.0
15915.0 4096.0 7131.0 3942.0 3665.0 41554.0 12808.0 1921.0 6807.0 9718.0 1945.0 2558.0 3902.0 2712.0 2573.0 19939.0 4674.0 2701.0 0 8530.0
22474.0 5784.0 10070.0 5567.0 5176.0 58678.0 18087.0 2712.0 9612.0 13723.0 2746.0 3613.0 5511.0 3830.0 3633.0 28156.0 6601.0 3814.0 8495.0 0
