10
ALL
0.0 19.96105580329823 15.695196543112448 23.247451824102846 23.0466221365023 30.37132291308188 31.57796467919567 32.74332891302789 35.81916331583351 36.03273859423238
19.96105580329823 0.0 20.191326859159414 12.595394227265475 24.55387569785153 18.81321657324202 29.874336917986977 25.425407694518437 38.247797799514075 30.55793748002427
15.695196543112448 20.191326859159414 0.0 13.742833385840507 7.366854892528774 18.671421235597194 15.890654143685348 18.296575315457474 20.875261887072 20.73935072548664
23.247451824102846 12.595394227265475 13.742833385840507 0.0 14.466613927281658 7.400714742263323 17.776679055894693 12.874755208319826 26.7999361002823 17.962848296594625
23.0466221365023 24.55387569785153 7.366854892528774 14.466613927281658 0.0 16.356968285874128 8.627190402927042 13.047370259353716 14.115806252716832 14.158796290887016
30.37132291308188 18.81321657324202 18.671421235597194 7.400714742263323 16.356968285874128 0.0 15.746216311667824 7.942623441627669 25.355509097472755 13.245802060280019
31.57796467919567 29.874336917986977 15.890654143685348 17.776679055894693 8.627190402927042 15.746216311667824 0.0 8.78411518390506 9.609398813245873 6.701527621940086
32.74332891302789 25.425407694518437 18.296575315457474 12.874755208319826 13.047370259353716 7.942623441627669 8.78411518390506 0.0 18.15826490217047 5.353363664783963
35.81916331583351 38.247797799514075 20.875261887072 26.7999361002823 14.115806252716832 25.355509097472755 9.609398813245873 18.15826490217047 0.0 14.475311784786069
36.03273859423238 30.55793748002427 20.73935072548664 17.962848296594625 14.158796290887016 13.245802060280019 6.701527621940086 5.353363664783963 14.475311784786069 0.0
75.45516 36.99225 54.50374 19.26993 20.09353 17.65083 56.77023 17.0805 18.83119 16.3857
25.79368 38.37556 24.9978 26.57622 18.2892 23.16878 38.16187 20.41213 12.48278 16.59752
66.81259 39.3154 51.18631 22.4085 24.20284 20.51443 70.55825 20.242 22.99969 19.42402
17.32913 33.11961 18.76116 24.90798 16.3616 22.92953 40.16107 23.14628 11.42045 18.67024
17.48542 25.13702 21.18277 19.09304 23.48038 18.30631 73.40977 20.08767 23.88958 19.43431
11.60717 18.44195 12.16834 16.1154 11.117 16.94285 37.16685 21.82894 9.55635 18.06635
82.3726 77.53514 90.44923 67.79197 95.05794 72.6356 312.25879 98.82669 110.00666 110.36841
35.14312 41.73451 36.29946 48.41528 35.71107 57.57814 173.37314 89.946 41.22635 91.82538
12.19623 11.89953 15.34527 10.23904 18.93588 11.15861 67.87516 15.06425 23.62211 20.37256
21.71765 24.96393 22.80694 27.79022 23.08363 32.89169 109.09831 50.84656 30.24721 63.32784
